% start	end	CellId	IMSI	RNTI	LCID	nTxPDUs	TxBytes	nRxPDUs	RxBytes	delay	stdDev	min	max	PduSize	stdDev	min	max
0	0.25	1	4	8	4	2	112	2	112	0.00307121	7.2832e-08	0.00307116	0.00307127	56	2.82843	54	58	
0	0.25	1	5	3	4	1	58	1	58	0.00307127	0	0.00307127	0.00307127	58	0	58	58	
0.25	0.5	1	2	1	4	2	112	2	112	0.00307121	7.2832e-08	0.00307116	0.00307127	56	2.82843	54	58	
0.25	0.5	1	4	8	4	1	54	1	54	0.00307125	0	0.00307125	0.00307125	54	0	54	54	
0.25	0.5	1	9	4	4	2	112	2	112	0.00307121	7.2832e-08	0.00307116	0.00307127	56	2.82843	54	58	
0.5	0.75	1	2	1	4	1	54	1	54	0.00307125	0	0.00307125	0.00307125	54	0	54	54	
0.75	1	1	2	1	4	1	54	1	54	0.00307125	0	0.00307125	0.00307125	54	0	54	54	
1.25	1.5	1	4	8	4	1	54	1	54	0.00307115	0	0.00307115	0.00307115	54	0	54	54	
1.25	1.5	1	5	3	4	1	54	1	54	0.00307124	0	0.00307124	0.00307124	54	0	54	54	
1.5	1.75	1	5	3	4	2	116	2	116	0.00307119	7.07107e-08	0.00307114	0.00307124	58	5.65685	54	62	
2	2.25	1	2	1	4	1	54	1	54	0.00307115	0	0.00307115	0.00307115	54	0	54	54	
2.5	2.75	1	4	8	4	1	54	1	54	0.00307115	0	0.00307115	0.00307115	54	0	54	54	
2.5	2.75	1	5	3	4	1	54	1	54	0.00307125	0	0.00307125	0.00307125	54	0	54	54	
2.75	3	1	5	3	4	1	54	1	54	0.00307115	0	0.00307115	0.00307115	54	0	54	54	
3.5	3.75	1	4	8	4	1	54	1	54	0.00307115	0	0.00307115	0.00307115	54	0	54	54	
3.75	4	1	8	6	4	1	58	1	58	0.00307127	0	0.00307127	0.00307127	58	0	58	58	
4.75	5	1	4	8	4	1	54	1	54	0.00307115	0	0.00307115	0.00307115	54	0	54	54	
4.75	5	1	8	6	4	1	54	1	54	0.00307124	0	0.00307124	0.00307124	54	0	54	54	
5	5.25	1	8	6	4	2	116	2	116	0.00307119	7.07107e-08	0.00307114	0.00307124	58	5.65685	54	62	
5.75	6	1	4	8	4	1	54	1	54	0.00307115	0	0.00307115	0.00307115	54	0	54	54	
7	7.25	1	4	8	4	1	54	1	54	0.00307115	0	0.00307115	0.00307115	54	0	54	54	
7.25	7.5	1	4	8	4	1	54	1	54	0.00307125	0	0.00307125	0.00307125	54	0	54	54	
8.25	8.5	1	4	8	4	1	54	1	54	0.00307115	0	0.00307115	0.00307115	54	0	54	54	
9.5	9.75	1	4	8	4	2	108	2	108	0.0030712	6.71751e-08	0.00307115	0.00307125	54	0	54	54	
9.75	10	1	4	8	4	1	54	1	54	0.00307125	0	0.00307125	0.00307125	54	0	54	54	
9.75	10	1	5	3	4	1	54	1	54	0.00307109	0	0.00307109	0.00307109	54	0	54	54	
10	10.25	1	4	8	4	1	54	1	54	0.00307125	0	0.00307125	0.00307125	54	0	54	54	
10	10.25	1	5	3	4	1	54	1	54	0.00307125	0	0.00307125	0.00307125	54	0	54	54	
10.25	10.5	1	4	8	4	1	54	1	54	0.00307125	0	0.00307125	0.00307125	54	0	54	54	
11.25	11.5	1	4	8	4	1	54	1	54	0.00307115	0	0.00307115	0.00307115	54	0	54	54	
11.5	11.75	1	4	8	4	1	54	1	54	0.00307125	0	0.00307125	0.00307125	54	0	54	54	
11.75	12	1	4	8	4	1	54	1	54	0.00307125	0	0.00307125	0.00307125	54	0	54	54	
12	12.25	1	4	8	4	1	54	1	54	0.00307125	0	0.00307125	0.00307125	54	0	54	54	
12.25	12.5	1	4	8	4	1	54	1	54	0.00307125	0	0.00307125	0.00307125	54	0	54	54	
12.5	12.75	1	4	8	4	1	54	1	54	0.00307125	0	0.00307125	0.00307125	54	0	54	54	
19.5	19.75	1	4	8	4	1	54	1	54	0.00307111	0	0.00307111	0.00307111	54	0	54	54	
19.75	20	1	4	8	4	1	54	1	54	0.00307125	0	0.00307125	0.00307125	54	0	54	54	
20	20.25	1	4	8	4	1	54	1	54	0.00307125	0	0.00307125	0.00307125	54	0	54	54	
20.25	20.5	1	4	8	4	1	54	1	54	0.00307125	0	0.00307125	0.00307125	54	0	54	54	
20.5	20.75	1	4	8	4	1	54	1	54	0.00307125	0	0.00307125	0.00307125	54	0	54	54	
21.5	21.75	1	4	8	4	1	54	1	54	0.00307115	0	0.00307115	0.00307115	54	0	54	54	
21.5	21.75	1	7	2	4	1	58	1	58	0.00307127	0	0.00307127	0.00307127	58	0	58	58	
21.75	22	1	4	8	4	1	54	1	54	0.00307125	0	0.00307125	0.00307125	54	0	54	54	
22	22.25	1	4	8	4	1	54	1	54	0.00307125	0	0.00307125	0.00307125	54	0	54	54	
22.25	22.5	1	4	8	4	1	54	1	54	0.00307125	0	0.00307125	0.00307125	54	0	54	54	
24.5	24.75	1	7	2	4	1	58	1	58	0.00307127	0	0.00307127	0.00307127	58	0	58	58	
25.25	25.5	1	4	8	4	1	54	1	54	0.00307113	0	0.00307113	0.00307113	54	0	54	54	
28.5	28.75	1	4	8	4	1	54	1	54	0.00307113	0	0.00307113	0.00307113	54	0	54	54	
29.5	29.75	1	4	8	4	1	54	1	54	0.00307115	0	0.00307115	0.00307115	54	0	54	54	
29.75	30	1	4	8	4	1	54	1	54	0.00307125	0	0.00307125	0.00307125	54	0	54	54	
30	30.25	1	4	8	4	1	54	1	54	0.00307125	0	0.00307125	0.00307125	54	0	54	54	
30.25	30.5	1	4	8	4	1	54	1	54	0.00307125	0	0.00307125	0.00307125	54	0	54	54	
30.5	30.75	1	4	8	4	1	54	1	54	0.00307125	0	0.00307125	0.00307125	54	0	54	54	
30.5	30.75	1	7	2	4	1	58	1	58	0.00307127	0	0.00307127	0.00307127	58	0	58	58	
30.75	31	1	4	8	4	2	108	2	108	0.00307125	0	0.00307125	0.00307125	54	0	54	54	
31.25	31.5	1	9	4	4	1	54	1	54	0.00307107	0	0.00307107	0.00307107	54	0	54	54	
32	32.25	1	4	8	4	1	54	1	54	0.00307115	0	0.00307115	0.00307115	54	0	54	54	
32.25	32.5	1	4	8	4	1	54	1	54	0.00307125	0	0.00307125	0.00307125	54	0	54	54	
35.25	35.5	1	4	8	4	1	54	1	54	0.00307113	0	0.00307113	0.00307113	54	0	54	54	
36.5	36.75	1	4	8	4	1	54	1	54	0.00307115	0	0.00307115	0.00307115	54	0	54	54	
37.5	37.75	1	4	8	4	1	54	1	54	0.00307115	0	0.00307115	0.00307115	54	0	54	54	
38.75	39	1	4	8	4	1	54	1	54	0.00307115	0	0.00307115	0.00307115	54	0	54	54	
39.75	40	1	4	8	4	1	54	1	54	0.00307115	0	0.00307115	0.00307115	54	0	54	54	
42.5	42.75	1	7	2	4	1	58	1	58	0.00307127	0	0.00307127	0.00307127	58	0	58	58	
46.5	46.75	1	9	4	4	1	54	1	54	0.00307109	0	0.00307109	0.00307109	54	0	54	54	
46.75	47	1	9	4	4	1	54	1	54	0.00307125	0	0.00307125	0.00307125	54	0	54	54	
47	47.25	1	4	8	4	2	108	2	108	0.00307118	9.68736e-08	0.00307111	0.00307125	54	0	54	54	
47.25	47.5	1	4	8	4	1	54	1	54	0.00307125	0	0.00307125	0.00307125	54	0	54	54	
47.5	47.75	1	4	8	4	1	54	1	54	0.00307125	0	0.00307125	0.00307125	54	0	54	54	
47.75	48	1	4	8	4	1	54	1	54	0.00307125	0	0.00307125	0.00307125	54	0	54	54	
47.75	48	1	9	4	4	1	54	1	54	0.00307115	0	0.00307115	0.00307115	54	0	54	54	
49	49.25	1	4	8	4	2	108	2	108	0.0030712	6.71751e-08	0.00307115	0.00307125	54	0	54	54	
49	49.25	1	9	4	4	1	54	1	54	0.00307115	0	0.00307115	0.00307115	54	0	54	54	
49.25	49.5	1	4	8	4	1	54	1	54	0.00307125	0	0.00307125	0.00307125	54	0	54	54	
50.5	50.75	1	4	8	4	1	54	1	54	0.00307115	0	0.00307115	0.00307115	54	0	54	54	
50.75	51	1	4	8	4	2	108	2	108	0.00307125	0	0.00307125	0.00307125	54	0	54	54	
51	51.25	1	4	8	4	1	54	1	54	0.00307125	0	0.00307125	0.00307125	54	0	54	54	
52.25	52.5	1	4	8	4	1	54	1	54	0.00307115	0	0.00307115	0.00307115	54	0	54	54	
53.25	53.5	1	4	8	4	1	54	1	54	0.00307115	0	0.00307115	0.00307115	54	0	54	54	
53.5	53.75	1	4	8	4	1	54	1	54	0.00307125	0	0.00307125	0.00307125	54	0	54	54	
