% time	cellId	IMSI	RNTI	sinrLinear	componentCarrierId
0.321	1	2	1	2.39149	0
0.322	1	7	2	1.62484	0
0.323	1	5	3	15.9179	0
0.324	1	9	4	18.1275	0
0.325	1	6	5	1.9242	0
0.326	1	8	6	4.46179	0
0.327	1	3	7	12.1007	0
0.328	1	4	8	2.11418	0
0.329	1	1	9	29.7023	0
0.641	1	2	1	2.39149	0
0.642	1	7	2	1.62484	0
0.643	1	5	3	15.9179	0
0.644	1	9	4	18.1275	0
0.645	1	6	5	1.9242	0
0.646	1	8	6	4.46179	0
0.647	1	3	7	12.1007	0
0.648	1	4	8	2.11418	0
0.649	1	1	9	29.7023	0
0.961	1	2	1	2.39149	0
0.962	1	7	2	1.62484	0
0.963	1	5	3	15.9179	0
0.964	1	9	4	18.1275	0
0.965	1	6	5	1.9242	0
0.966	1	8	6	4.46179	0
0.967	1	3	7	12.1007	0
0.968	1	4	8	2.11418	0
0.969	1	1	9	29.7023	0
1.281	1	2	1	2.39149	0
1.282	1	7	2	1.62484	0
1.283	1	5	3	15.9179	0
1.284	1	9	4	18.1275	0
1.285	1	6	5	1.9242	0
1.286	1	8	6	4.46179	0
1.287	1	3	7	12.1007	0
1.288	1	4	8	2.11418	0
1.289	1	1	9	29.7023	0
1.601	1	2	1	2.39149	0
1.602	1	7	2	1.62484	0
1.603	1	5	3	15.9179	0
1.604	1	9	4	18.1275	0
1.605	1	6	5	1.9242	0
1.606	1	8	6	4.46179	0
1.607	1	3	7	12.1007	0
1.608	1	4	8	2.11418	0
1.609	1	1	9	29.7023	0
1.921	1	2	1	2.39149	0
1.922	1	7	2	1.62484	0
1.923	1	5	3	15.9179	0
1.924	1	9	4	18.1275	0
1.925	1	6	5	1.9242	0
1.926	1	8	6	4.46179	0
1.927	1	3	7	12.1007	0
1.928	1	4	8	2.11418	0
1.929	1	1	9	29.7023	0
2.241	1	2	1	2.39149	0
2.242	1	7	2	1.62484	0
2.243	1	5	3	15.9179	0
2.244	1	9	4	18.1275	0
2.245	1	6	5	1.9242	0
2.246	1	8	6	4.46179	0
2.247	1	3	7	12.1007	0
2.248	1	4	8	2.11418	0
2.249	1	1	9	29.7023	0
2.561	1	2	1	2.39149	0
2.562	1	7	2	1.62484	0
2.563	1	5	3	15.9179	0
2.564	1	9	4	18.1275	0
2.565	1	6	5	1.9242	0
2.566	1	8	6	4.46179	0
2.567	1	3	7	12.1007	0
2.568	1	4	8	2.11418	0
2.569	1	1	9	29.7023	0
2.881	1	2	1	2.39149	0
2.882	1	7	2	1.62484	0
2.883	1	5	3	15.9179	0
2.884	1	9	4	18.1275	0
2.885	1	6	5	1.9242	0
2.886	1	8	6	4.46179	0
2.887	1	3	7	12.1007	0
2.888	1	4	8	2.11418	0
2.889	1	1	9	29.7023	0
3.201	1	2	1	2.39149	0
3.202	1	7	2	1.62484	0
3.203	1	5	3	15.9179	0
3.204	1	9	4	18.1275	0
3.205	1	6	5	1.9242	0
3.206	1	8	6	4.46179	0
3.207	1	3	7	12.1007	0
3.208	1	4	8	2.11418	0
3.209	1	1	9	29.7023	0
3.521	1	2	1	2.39149	0
3.522	1	7	2	1.62484	0
3.523	1	5	3	15.9179	0
3.524	1	9	4	18.1275	0
3.525	1	6	5	1.9242	0
3.526	1	8	6	4.46179	0
3.527	1	3	7	12.1007	0
3.528	1	4	8	2.11418	0
3.529	1	1	9	29.7023	0
3.841	1	2	1	2.39149	0
3.842	1	7	2	1.62484	0
3.843	1	5	3	15.9179	0
3.844	1	9	4	18.1275	0
3.845	1	6	5	1.9242	0
3.846	1	8	6	4.46179	0
3.847	1	3	7	12.1007	0
3.848	1	4	8	2.11418	0
3.849	1	1	9	29.7023	0
4.161	1	2	1	2.39149	0
4.162	1	7	2	1.62484	0
4.163	1	5	3	15.9179	0
4.164	1	9	4	18.1275	0
4.165	1	6	5	1.9242	0
4.166	1	8	6	4.46179	0
4.167	1	3	7	12.1007	0
4.168	1	4	8	2.11418	0
4.169	1	1	9	29.7023	0
4.481	1	2	1	2.39149	0
4.482	1	7	2	1.62484	0
4.483	1	5	3	15.9179	0
4.484	1	9	4	18.1275	0
4.485	1	6	5	1.9242	0
4.486	1	8	6	4.46179	0
4.487	1	3	7	12.1007	0
4.488	1	4	8	2.11418	0
4.489	1	1	9	29.7023	0
4.801	1	2	1	2.39149	0
4.802	1	7	2	1.62484	0
4.803	1	5	3	15.9179	0
4.804	1	9	4	18.1275	0
4.805	1	6	5	1.9242	0
4.806	1	8	6	4.46179	0
4.807	1	3	7	12.1007	0
4.808	1	4	8	2.11418	0
4.809	1	1	9	29.7023	0
5.121	1	2	1	2.39149	0
5.122	1	7	2	1.62484	0
5.123	1	5	3	15.9179	0
5.124	1	9	4	18.1275	0
5.125	1	6	5	1.9242	0
5.126	1	8	6	4.46179	0
5.127	1	3	7	12.1007	0
5.128	1	4	8	2.11418	0
5.129	1	1	9	29.7023	0
5.441	1	2	1	2.39149	0
5.442	1	7	2	1.62484	0
5.443	1	5	3	15.9179	0
5.444	1	9	4	18.1275	0
5.445	1	6	5	1.9242	0
5.446	1	8	6	4.46179	0
5.447	1	3	7	12.1007	0
5.448	1	4	8	2.11418	0
5.449	1	1	9	29.7023	0
5.761	1	2	1	2.39149	0
5.762	1	7	2	1.62484	0
5.763	1	5	3	15.9179	0
5.764	1	9	4	18.1275	0
5.765	1	6	5	1.9242	0
5.766	1	8	6	4.46179	0
5.767	1	3	7	12.1007	0
5.768	1	4	8	2.11418	0
5.769	1	1	9	29.7023	0
6.081	1	2	1	2.39149	0
6.082	1	7	2	1.62484	0
6.083	1	5	3	15.9179	0
6.084	1	9	4	18.1275	0
6.085	1	6	5	1.9242	0
6.086	1	8	6	4.46179	0
6.087	1	3	7	12.1007	0
6.088	1	4	8	2.11418	0
6.089	1	1	9	29.7023	0
6.401	1	2	1	2.39149	0
6.402	1	7	2	1.62484	0
6.403	1	5	3	15.9179	0
6.404	1	9	4	18.1275	0
6.405	1	6	5	1.9242	0
6.406	1	8	6	4.46179	0
6.407	1	3	7	12.1007	0
6.408	1	4	8	2.11418	0
6.409	1	1	9	29.7023	0
6.721	1	2	1	2.39149	0
6.722	1	7	2	1.62484	0
6.723	1	5	3	15.9179	0
6.724	1	9	4	18.1275	0
6.725	1	6	5	1.9242	0
6.726	1	8	6	4.46179	0
6.727	1	3	7	12.1007	0
6.728	1	4	8	2.11418	0
6.729	1	1	9	29.7023	0
7.041	1	2	1	2.39149	0
7.042	1	7	2	1.62484	0
7.043	1	5	3	15.9179	0
7.044	1	9	4	18.1275	0
7.045	1	6	5	1.9242	0
7.046	1	8	6	4.46179	0
7.047	1	3	7	12.1007	0
7.048	1	4	8	2.11418	0
7.049	1	1	9	29.7023	0
7.361	1	2	1	2.39149	0
7.362	1	7	2	1.62484	0
7.363	1	5	3	15.9179	0
7.364	1	9	4	18.1275	0
7.365	1	6	5	1.9242	0
7.366	1	8	6	4.46179	0
7.367	1	3	7	12.1007	0
7.368	1	4	8	2.11418	0
7.369	1	1	9	29.7023	0
7.681	1	2	1	2.39149	0
7.682	1	7	2	1.62484	0
7.683	1	5	3	15.9179	0
7.684	1	9	4	18.1275	0
7.685	1	6	5	1.9242	0
7.686	1	8	6	4.46179	0
7.687	1	3	7	12.1007	0
7.688	1	4	8	2.11418	0
7.689	1	1	9	29.7023	0
8.001	1	2	1	2.39149	0
8.002	1	7	2	1.62484	0
8.003	1	5	3	15.9179	0
8.004	1	9	4	18.1275	0
8.005	1	6	5	1.9242	0
8.006	1	8	6	4.46179	0
8.007	1	3	7	12.1007	0
8.008	1	4	8	2.11418	0
8.009	1	1	9	29.7023	0
8.321	1	2	1	2.39149	0
8.322	1	7	2	1.62484	0
8.323	1	5	3	15.9179	0
8.324	1	9	4	18.1275	0
8.325	1	6	5	1.9242	0
8.326	1	8	6	4.46179	0
8.327	1	3	7	12.1007	0
8.328	1	4	8	2.11418	0
8.329	1	1	9	29.7023	0
8.641	1	2	1	2.39149	0
8.642	1	7	2	1.62484	0
8.643	1	5	3	15.9179	0
8.644	1	9	4	18.1275	0
8.645	1	6	5	1.9242	0
8.646	1	8	6	4.46179	0
8.647	1	3	7	12.1007	0
8.648	1	4	8	2.11418	0
8.649	1	1	9	29.7023	0
8.961	1	2	1	2.39149	0
8.962	1	7	2	1.62484	0
8.963	1	5	3	15.9179	0
8.964	1	9	4	18.1275	0
8.965	1	6	5	1.9242	0
8.966	1	8	6	4.46179	0
8.967	1	3	7	12.1007	0
8.968	1	4	8	2.11418	0
8.969	1	1	9	29.7023	0
9.281	1	2	1	2.39149	0
9.282	1	7	2	1.62484	0
9.283	1	5	3	15.9179	0
9.284	1	9	4	18.1275	0
9.285	1	6	5	1.9242	0
9.286	1	8	6	4.46179	0
9.287	1	3	7	12.1007	0
9.288	1	4	8	2.11418	0
9.289	1	1	9	29.7023	0
9.601	1	2	1	2.39149	0
9.602	1	7	2	1.62484	0
9.603	1	5	3	15.9179	0
9.604	1	9	4	18.1275	0
9.605	1	6	5	1.9242	0
9.606	1	8	6	4.46179	0
9.607	1	3	7	12.1007	0
9.608	1	4	8	2.11418	0
9.609	1	1	9	29.7023	0
9.921	1	2	1	2.39149	0
9.922	1	7	2	1.62484	0
9.923	1	5	3	15.9179	0
9.924	1	9	4	18.1275	0
9.925	1	6	5	1.9242	0
9.926	1	8	6	4.46179	0
9.927	1	3	7	12.1007	0
9.928	1	4	8	2.11418	0
9.929	1	1	9	29.7023	0
10.241	1	2	1	2.39149	0
10.242	1	7	2	1.62484	0
10.243	1	5	3	15.9179	0
10.244	1	9	4	18.1275	0
10.245	1	6	5	1.9242	0
10.246	1	8	6	4.46179	0
10.247	1	3	7	12.1007	0
10.248	1	4	8	2.11418	0
10.249	1	1	9	29.7023	0
10.561	1	2	1	2.39149	0
10.562	1	7	2	1.62484	0
10.563	1	5	3	15.9179	0
10.564	1	9	4	18.1275	0
10.565	1	6	5	1.9242	0
10.566	1	8	6	4.46179	0
10.567	1	3	7	12.1007	0
10.568	1	4	8	2.11418	0
10.569	1	1	9	29.7023	0
10.881	1	2	1	2.39149	0
10.882	1	7	2	1.62484	0
10.883	1	5	3	15.9179	0
10.884	1	9	4	18.1275	0
10.885	1	6	5	1.9242	0
10.886	1	8	6	4.46179	0
10.887	1	3	7	12.1007	0
10.888	1	4	8	2.11418	0
10.889	1	1	9	29.7023	0
11.201	1	2	1	2.39149	0
11.202	1	7	2	1.62484	0
11.203	1	5	3	15.9179	0
11.204	1	9	4	18.1275	0
11.205	1	6	5	1.9242	0
11.206	1	8	6	4.46179	0
11.207	1	3	7	12.1007	0
11.208	1	4	8	2.11418	0
11.209	1	1	9	29.7023	0
11.521	1	2	1	2.39149	0
11.522	1	7	2	1.62484	0
11.523	1	5	3	15.9179	0
11.524	1	9	4	18.1275	0
11.525	1	6	5	1.9242	0
11.526	1	8	6	4.46179	0
11.527	1	3	7	12.1007	0
11.528	1	4	8	2.11418	0
11.529	1	1	9	29.7023	0
11.841	1	2	1	2.39149	0
11.842	1	7	2	1.62484	0
11.843	1	5	3	15.9179	0
11.844	1	9	4	18.1275	0
11.845	1	6	5	1.9242	0
11.846	1	8	6	4.46179	0
11.847	1	3	7	12.1007	0
11.848	1	4	8	2.11418	0
11.849	1	1	9	29.7023	0
12.161	1	2	1	2.39149	0
12.162	1	7	2	1.62484	0
12.163	1	5	3	15.9179	0
12.164	1	9	4	18.1275	0
12.165	1	6	5	1.9242	0
12.166	1	8	6	4.46179	0
12.167	1	3	7	12.1007	0
12.168	1	4	8	2.11418	0
12.169	1	1	9	29.7023	0
12.481	1	2	1	2.39149	0
12.482	1	7	2	1.62484	0
12.483	1	5	3	15.9179	0
12.484	1	9	4	18.1275	0
12.485	1	6	5	1.9242	0
12.486	1	8	6	4.46179	0
12.487	1	3	7	12.1007	0
12.488	1	4	8	2.11418	0
12.489	1	1	9	29.7023	0
12.801	1	2	1	2.39149	0
12.802	1	7	2	1.62484	0
12.803	1	5	3	15.9179	0
12.804	1	9	4	18.1275	0
12.805	1	6	5	1.9242	0
12.806	1	8	6	4.46179	0
12.807	1	3	7	12.1007	0
12.808	1	4	8	2.11418	0
12.809	1	1	9	29.7023	0
13.121	1	2	1	2.39149	0
13.122	1	7	2	1.62484	0
13.123	1	5	3	15.9179	0
13.124	1	9	4	18.1275	0
13.125	1	6	5	1.9242	0
13.126	1	8	6	4.46179	0
13.127	1	3	7	12.1007	0
13.128	1	4	8	2.11418	0
13.129	1	1	9	29.7023	0
13.441	1	2	1	2.39149	0
13.442	1	7	2	1.62484	0
13.443	1	5	3	15.9179	0
13.444	1	9	4	18.1275	0
13.445	1	6	5	1.9242	0
13.446	1	8	6	4.46179	0
13.447	1	3	7	12.1007	0
13.448	1	4	8	2.11418	0
13.449	1	1	9	29.7023	0
13.761	1	2	1	2.39149	0
13.762	1	7	2	1.62484	0
13.763	1	5	3	15.9179	0
13.764	1	9	4	18.1275	0
13.765	1	6	5	1.9242	0
13.766	1	8	6	4.46179	0
13.767	1	3	7	12.1007	0
13.768	1	4	8	2.11418	0
13.769	1	1	9	29.7023	0
14.081	1	2	1	2.39149	0
14.082	1	7	2	1.62484	0
14.083	1	5	3	15.9179	0
14.084	1	9	4	18.1275	0
14.085	1	6	5	1.9242	0
14.086	1	8	6	4.46179	0
14.087	1	3	7	12.1007	0
14.088	1	4	8	2.11418	0
14.089	1	1	9	29.7023	0
14.401	1	2	1	2.39149	0
14.402	1	7	2	1.62484	0
14.403	1	5	3	15.9179	0
14.404	1	9	4	18.1275	0
14.405	1	6	5	1.9242	0
14.406	1	8	6	4.46179	0
14.407	1	3	7	12.1007	0
14.408	1	4	8	2.11418	0
14.409	1	1	9	29.7023	0
14.721	1	2	1	2.39149	0
14.722	1	7	2	1.62484	0
14.723	1	5	3	15.9179	0
14.724	1	9	4	18.1275	0
14.725	1	6	5	1.9242	0
14.726	1	8	6	4.46179	0
14.727	1	3	7	12.1007	0
14.728	1	4	8	2.11418	0
14.729	1	1	9	29.7023	0
15.041	1	2	1	2.39149	0
15.042	1	7	2	1.62484	0
15.043	1	5	3	15.9179	0
15.044	1	9	4	18.1275	0
15.045	1	6	5	1.9242	0
15.046	1	8	6	4.46179	0
15.047	1	3	7	12.1007	0
15.048	1	4	8	2.11418	0
15.049	1	1	9	29.7023	0
15.361	1	2	1	2.39149	0
15.362	1	7	2	1.62484	0
15.363	1	5	3	15.9179	0
15.364	1	9	4	18.1275	0
15.365	1	6	5	1.9242	0
15.366	1	8	6	4.46179	0
15.367	1	3	7	12.1007	0
15.368	1	4	8	2.11418	0
15.369	1	1	9	29.7023	0
15.681	1	2	1	2.39149	0
15.682	1	7	2	1.62484	0
15.683	1	5	3	15.9179	0
15.684	1	9	4	18.1275	0
15.685	1	6	5	1.9242	0
15.686	1	8	6	4.46179	0
15.687	1	3	7	12.1007	0
15.688	1	4	8	2.11418	0
15.689	1	1	9	29.7023	0
16.001	1	2	1	2.39149	0
16.002	1	7	2	1.62484	0
16.003	1	5	3	15.9179	0
16.004	1	9	4	18.1275	0
16.005	1	6	5	1.9242	0
16.006	1	8	6	4.46179	0
16.007	1	3	7	12.1007	0
16.008	1	4	8	2.11418	0
16.009	1	1	9	29.7023	0
16.321	1	2	1	2.39149	0
16.322	1	7	2	1.62484	0
16.323	1	5	3	15.9179	0
16.324	1	9	4	18.1275	0
16.325	1	6	5	1.9242	0
16.326	1	8	6	4.46179	0
16.327	1	3	7	12.1007	0
16.328	1	4	8	2.11418	0
16.329	1	1	9	29.7023	0
16.641	1	2	1	2.39149	0
16.642	1	7	2	1.62484	0
16.643	1	5	3	15.9179	0
16.644	1	9	4	18.1275	0
16.645	1	6	5	1.9242	0
16.646	1	8	6	4.46179	0
16.647	1	3	7	12.1007	0
16.648	1	4	8	2.11418	0
16.649	1	1	9	29.7023	0
16.961	1	2	1	2.39149	0
16.962	1	7	2	1.62484	0
16.963	1	5	3	15.9179	0
16.964	1	9	4	18.1275	0
16.965	1	6	5	1.9242	0
16.966	1	8	6	4.46179	0
16.967	1	3	7	12.1007	0
16.968	1	4	8	2.11418	0
16.969	1	1	9	29.7023	0
17.281	1	2	1	2.39149	0
17.282	1	7	2	1.62484	0
17.283	1	5	3	15.9179	0
17.284	1	9	4	18.1275	0
17.285	1	6	5	1.9242	0
17.286	1	8	6	4.46179	0
17.287	1	3	7	12.1007	0
17.288	1	4	8	2.11418	0
17.289	1	1	9	29.7023	0
17.601	1	2	1	2.39149	0
17.602	1	7	2	1.62484	0
17.603	1	5	3	15.9179	0
17.604	1	9	4	18.1275	0
17.605	1	6	5	1.9242	0
17.606	1	8	6	4.46179	0
17.607	1	3	7	12.1007	0
17.608	1	4	8	2.11418	0
17.609	1	1	9	29.7023	0
17.921	1	2	1	2.39149	0
17.922	1	7	2	1.62484	0
17.923	1	5	3	15.9179	0
17.924	1	9	4	18.1275	0
17.925	1	6	5	1.9242	0
17.926	1	8	6	4.46179	0
17.927	1	3	7	12.1007	0
17.928	1	4	8	2.11418	0
17.929	1	1	9	29.7023	0
18.241	1	2	1	2.39149	0
18.242	1	7	2	1.62484	0
18.243	1	5	3	15.9179	0
18.244	1	9	4	18.1275	0
18.245	1	6	5	1.9242	0
18.246	1	8	6	4.46179	0
18.247	1	3	7	12.1007	0
18.248	1	4	8	2.11418	0
18.249	1	1	9	29.7023	0
18.561	1	2	1	2.39149	0
18.562	1	7	2	1.62484	0
18.563	1	5	3	15.9179	0
18.564	1	9	4	18.1275	0
18.565	1	6	5	1.9242	0
18.566	1	8	6	4.46179	0
18.567	1	3	7	12.1007	0
18.568	1	4	8	2.11418	0
18.569	1	1	9	29.7023	0
18.881	1	2	1	2.39149	0
18.882	1	7	2	1.62484	0
18.883	1	5	3	15.9179	0
18.884	1	9	4	18.1275	0
18.885	1	6	5	1.9242	0
18.886	1	8	6	4.46179	0
18.887	1	3	7	12.1007	0
18.888	1	4	8	2.11418	0
18.889	1	1	9	29.7023	0
19.201	1	2	1	2.39149	0
19.202	1	7	2	1.62484	0
19.203	1	5	3	15.9179	0
19.204	1	9	4	18.1275	0
19.205	1	6	5	1.9242	0
19.206	1	8	6	4.46179	0
19.207	1	3	7	12.1007	0
19.208	1	4	8	2.11418	0
19.209	1	1	9	29.7023	0
19.521	1	2	1	2.39149	0
19.522	1	7	2	1.62484	0
19.523	1	5	3	15.9179	0
19.524	1	9	4	18.1275	0
19.525	1	6	5	1.9242	0
19.526	1	8	6	4.46179	0
19.527	1	3	7	12.1007	0
19.528	1	4	8	2.11418	0
19.529	1	1	9	29.7023	0
19.841	1	2	1	2.39149	0
19.842	1	7	2	1.62484	0
19.843	1	5	3	15.9179	0
19.844	1	9	4	18.1275	0
19.845	1	6	5	1.9242	0
19.846	1	8	6	4.46179	0
19.847	1	3	7	12.1007	0
19.848	1	4	8	2.11418	0
19.849	1	1	9	29.7023	0
20.161	1	2	1	2.39149	0
20.162	1	7	2	1.62484	0
20.163	1	5	3	15.9179	0
20.164	1	9	4	18.1275	0
20.165	1	6	5	1.9242	0
20.166	1	8	6	4.46179	0
20.167	1	3	7	12.1007	0
20.168	1	4	8	2.11418	0
20.169	1	1	9	29.7023	0
20.481	1	2	1	2.39149	0
20.482	1	7	2	1.62484	0
20.483	1	5	3	15.9179	0
20.484	1	9	4	18.1275	0
20.485	1	6	5	1.9242	0
20.486	1	8	6	4.46179	0
20.487	1	3	7	12.1007	0
20.488	1	4	8	2.11418	0
20.489	1	1	9	29.7023	0
20.801	1	2	1	2.39149	0
20.802	1	7	2	1.62484	0
20.803	1	5	3	15.9179	0
20.804	1	9	4	18.1275	0
20.805	1	6	5	1.9242	0
20.806	1	8	6	4.46179	0
20.807	1	3	7	12.1007	0
20.808	1	4	8	2.11418	0
20.809	1	1	9	29.7023	0
21.121	1	2	1	2.39149	0
21.122	1	7	2	1.62484	0
21.123	1	5	3	15.9179	0
21.124	1	9	4	18.1275	0
21.125	1	6	5	1.9242	0
21.126	1	8	6	4.46179	0
21.127	1	3	7	12.1007	0
21.128	1	4	8	2.11418	0
21.129	1	1	9	29.7023	0
21.441	1	2	1	2.39149	0
21.442	1	7	2	1.62484	0
21.443	1	5	3	15.9179	0
21.444	1	9	4	18.1275	0
21.445	1	6	5	1.9242	0
21.446	1	8	6	4.46179	0
21.447	1	3	7	12.1007	0
21.448	1	4	8	2.11418	0
21.449	1	1	9	29.7023	0
21.761	1	2	1	2.39149	0
21.762	1	7	2	1.62484	0
21.763	1	5	3	15.9179	0
21.764	1	9	4	18.1275	0
21.765	1	6	5	1.9242	0
21.766	1	8	6	4.46179	0
21.767	1	3	7	12.1007	0
21.768	1	4	8	2.11418	0
21.769	1	1	9	29.7023	0
22.081	1	2	1	2.39149	0
22.082	1	7	2	1.62484	0
22.083	1	5	3	15.9179	0
22.084	1	9	4	18.1275	0
22.085	1	6	5	1.9242	0
22.086	1	8	6	4.46179	0
22.087	1	3	7	12.1007	0
22.088	1	4	8	2.11418	0
22.089	1	1	9	29.7023	0
22.401	1	2	1	2.39149	0
22.402	1	7	2	1.62484	0
22.403	1	5	3	15.9179	0
22.404	1	9	4	18.1275	0
22.405	1	6	5	1.9242	0
22.406	1	8	6	4.46179	0
22.407	1	3	7	12.1007	0
22.408	1	4	8	2.11418	0
22.409	1	1	9	29.7023	0
22.721	1	2	1	2.39149	0
22.722	1	7	2	1.62484	0
22.723	1	5	3	15.9179	0
22.724	1	9	4	18.1275	0
22.725	1	6	5	1.9242	0
22.726	1	8	6	4.46179	0
22.727	1	3	7	12.1007	0
22.728	1	4	8	2.11418	0
22.729	1	1	9	29.7023	0
23.041	1	2	1	2.39149	0
23.042	1	7	2	1.62484	0
23.043	1	5	3	15.9179	0
23.044	1	9	4	18.1275	0
23.045	1	6	5	1.9242	0
23.046	1	8	6	4.46179	0
23.047	1	3	7	12.1007	0
23.048	1	4	8	2.11418	0
23.049	1	1	9	29.7023	0
23.361	1	2	1	2.39149	0
23.362	1	7	2	1.62484	0
23.363	1	5	3	15.9179	0
23.364	1	9	4	18.1275	0
23.365	1	6	5	1.9242	0
23.366	1	8	6	4.46179	0
23.367	1	3	7	12.1007	0
23.368	1	4	8	2.11418	0
23.369	1	1	9	29.7023	0
23.681	1	2	1	2.39149	0
23.682	1	7	2	1.62484	0
23.683	1	5	3	15.9179	0
23.684	1	9	4	18.1275	0
23.685	1	6	5	1.9242	0
23.686	1	8	6	4.46179	0
23.687	1	3	7	12.1007	0
23.688	1	4	8	2.11418	0
23.689	1	1	9	29.7023	0
24.001	1	2	1	2.39149	0
24.002	1	7	2	1.62484	0
24.003	1	5	3	15.9179	0
24.004	1	9	4	18.1275	0
24.005	1	6	5	1.9242	0
24.006	1	8	6	4.46179	0
24.007	1	3	7	12.1007	0
24.008	1	4	8	2.11418	0
24.009	1	1	9	29.7023	0
24.321	1	2	1	2.39149	0
24.322	1	7	2	1.62484	0
24.323	1	5	3	15.9179	0
24.324	1	9	4	18.1275	0
24.325	1	6	5	1.9242	0
24.326	1	8	6	4.46179	0
24.327	1	3	7	12.1007	0
24.328	1	4	8	2.11418	0
24.329	1	1	9	29.7023	0
24.641	1	2	1	2.39149	0
24.642	1	7	2	1.62484	0
24.643	1	5	3	15.9179	0
24.644	1	9	4	18.1275	0
24.645	1	6	5	1.9242	0
24.646	1	8	6	4.46179	0
24.647	1	3	7	12.1007	0
24.648	1	4	8	2.11418	0
24.649	1	1	9	29.7023	0
24.961	1	2	1	2.39149	0
24.962	1	7	2	1.62484	0
24.963	1	5	3	15.9179	0
24.964	1	9	4	18.1275	0
24.965	1	6	5	1.9242	0
24.966	1	8	6	4.46179	0
24.967	1	3	7	12.1007	0
24.968	1	4	8	2.11418	0
24.969	1	1	9	29.7023	0
25.281	1	2	1	2.39149	0
25.282	1	7	2	1.62484	0
25.283	1	5	3	15.9179	0
25.284	1	9	4	18.1275	0
25.285	1	6	5	1.9242	0
25.286	1	8	6	4.46179	0
25.287	1	3	7	12.1007	0
25.288	1	4	8	2.11418	0
25.289	1	1	9	29.7023	0
25.601	1	2	1	2.39149	0
25.602	1	7	2	1.62484	0
25.603	1	5	3	15.9179	0
25.604	1	9	4	18.1275	0
25.605	1	6	5	1.9242	0
25.606	1	8	6	4.46179	0
25.607	1	3	7	12.1007	0
25.608	1	4	8	2.11418	0
25.609	1	1	9	29.7023	0
25.921	1	2	1	2.39149	0
25.922	1	7	2	1.62484	0
25.923	1	5	3	15.9179	0
25.924	1	9	4	18.1275	0
25.925	1	6	5	1.9242	0
25.926	1	8	6	4.46179	0
25.927	1	3	7	12.1007	0
25.928	1	4	8	2.11418	0
25.929	1	1	9	29.7023	0
26.241	1	2	1	2.39149	0
26.242	1	7	2	1.62484	0
26.243	1	5	3	15.9179	0
26.244	1	9	4	18.1275	0
26.245	1	6	5	1.9242	0
26.246	1	8	6	4.46179	0
26.247	1	3	7	12.1007	0
26.248	1	4	8	2.11418	0
26.249	1	1	9	29.7023	0
26.561	1	2	1	2.39149	0
26.562	1	7	2	1.62484	0
26.563	1	5	3	15.9179	0
26.564	1	9	4	18.1275	0
26.565	1	6	5	1.9242	0
26.566	1	8	6	4.46179	0
26.567	1	3	7	12.1007	0
26.568	1	4	8	2.11418	0
26.569	1	1	9	29.7023	0
26.881	1	2	1	2.39149	0
26.882	1	7	2	1.62484	0
26.883	1	5	3	15.9179	0
26.884	1	9	4	18.1275	0
26.885	1	6	5	1.9242	0
26.886	1	8	6	4.46179	0
26.887	1	3	7	12.1007	0
26.888	1	4	8	2.11418	0
26.889	1	1	9	29.7023	0
27.201	1	2	1	2.39149	0
27.202	1	7	2	1.62484	0
27.203	1	5	3	15.9179	0
27.204	1	9	4	18.1275	0
27.205	1	6	5	1.9242	0
27.206	1	8	6	4.46179	0
27.207	1	3	7	12.1007	0
27.208	1	4	8	2.11418	0
27.209	1	1	9	29.7023	0
27.521	1	2	1	2.39149	0
27.522	1	7	2	1.62484	0
27.523	1	5	3	15.9179	0
27.524	1	9	4	18.1275	0
27.525	1	6	5	1.9242	0
27.526	1	8	6	4.46179	0
27.527	1	3	7	12.1007	0
27.528	1	4	8	2.11418	0
27.529	1	1	9	29.7023	0
27.841	1	2	1	2.39149	0
27.842	1	7	2	1.62484	0
27.843	1	5	3	15.9179	0
27.844	1	9	4	18.1275	0
27.845	1	6	5	1.9242	0
27.846	1	8	6	4.46179	0
27.847	1	3	7	12.1007	0
27.848	1	4	8	2.11418	0
27.849	1	1	9	29.7023	0
28.161	1	2	1	2.39149	0
28.162	1	7	2	1.62484	0
28.163	1	5	3	15.9179	0
28.164	1	9	4	18.1275	0
28.165	1	6	5	1.9242	0
28.166	1	8	6	4.46179	0
28.167	1	3	7	12.1007	0
28.168	1	4	8	2.11418	0
28.169	1	1	9	29.7023	0
28.481	1	2	1	2.39149	0
28.482	1	7	2	1.62484	0
28.483	1	5	3	15.9179	0
28.484	1	9	4	18.1275	0
28.485	1	6	5	1.9242	0
28.486	1	8	6	4.46179	0
28.487	1	3	7	12.1007	0
28.488	1	4	8	2.11418	0
28.489	1	1	9	29.7023	0
28.801	1	2	1	2.39149	0
28.802	1	7	2	1.62484	0
28.803	1	5	3	15.9179	0
28.804	1	9	4	18.1275	0
28.805	1	6	5	1.9242	0
28.806	1	8	6	4.46179	0
28.807	1	3	7	12.1007	0
28.808	1	4	8	2.11418	0
28.809	1	1	9	29.7023	0
29.121	1	2	1	2.39149	0
29.122	1	7	2	1.62484	0
29.123	1	5	3	15.9179	0
29.124	1	9	4	18.1275	0
29.125	1	6	5	1.9242	0
29.126	1	8	6	4.46179	0
29.127	1	3	7	12.1007	0
29.128	1	4	8	2.11418	0
29.129	1	1	9	29.7023	0
29.441	1	2	1	2.39149	0
29.442	1	7	2	1.62484	0
29.443	1	5	3	15.9179	0
29.444	1	9	4	18.1275	0
29.445	1	6	5	1.9242	0
29.446	1	8	6	4.46179	0
29.447	1	3	7	12.1007	0
29.448	1	4	8	2.11418	0
29.449	1	1	9	29.7023	0
29.761	1	2	1	2.39149	0
29.762	1	7	2	1.62484	0
29.763	1	5	3	15.9179	0
29.764	1	9	4	18.1275	0
29.765	1	6	5	1.9242	0
29.766	1	8	6	4.46179	0
29.767	1	3	7	12.1007	0
29.768	1	4	8	2.11418	0
29.769	1	1	9	29.7023	0
30.081	1	2	1	2.39149	0
30.082	1	7	2	1.62484	0
30.083	1	5	3	15.9179	0
30.084	1	9	4	18.1275	0
30.085	1	6	5	1.9242	0
30.086	1	8	6	4.46179	0
30.087	1	3	7	12.1007	0
30.088	1	4	8	2.11418	0
30.089	1	1	9	29.7023	0
30.401	1	2	1	2.39149	0
30.402	1	7	2	1.62484	0
30.403	1	5	3	15.9179	0
30.404	1	9	4	18.1275	0
30.405	1	6	5	1.9242	0
30.406	1	8	6	4.46179	0
30.407	1	3	7	12.1007	0
30.408	1	4	8	2.11418	0
30.409	1	1	9	29.7023	0
30.721	1	2	1	2.39149	0
30.722	1	7	2	1.62484	0
30.723	1	5	3	15.9179	0
30.724	1	9	4	18.1275	0
30.725	1	6	5	1.9242	0
30.726	1	8	6	4.46179	0
30.727	1	3	7	12.1007	0
30.728	1	4	8	2.11418	0
30.729	1	1	9	29.7023	0
31.041	1	2	1	2.39149	0
31.042	1	7	2	1.62484	0
31.043	1	5	3	15.9179	0
31.044	1	9	4	18.1275	0
31.045	1	6	5	1.9242	0
31.046	1	8	6	4.46179	0
31.047	1	3	7	12.1007	0
31.048	1	4	8	2.11418	0
31.049	1	1	9	29.7023	0
31.361	1	2	1	2.39149	0
31.362	1	7	2	1.62484	0
31.363	1	5	3	15.9179	0
31.364	1	9	4	18.1275	0
31.365	1	6	5	1.9242	0
31.366	1	8	6	4.46179	0
31.367	1	3	7	12.1007	0
31.368	1	4	8	2.11418	0
31.369	1	1	9	29.7023	0
31.681	1	2	1	2.39149	0
31.682	1	7	2	1.62484	0
31.683	1	5	3	15.9179	0
31.684	1	9	4	18.1275	0
31.685	1	6	5	1.9242	0
31.686	1	8	6	4.46179	0
31.687	1	3	7	12.1007	0
31.688	1	4	8	2.11418	0
31.689	1	1	9	29.7023	0
32.001	1	2	1	2.39149	0
32.002	1	7	2	1.62484	0
32.003	1	5	3	15.9179	0
32.004	1	9	4	18.1275	0
32.005	1	6	5	1.9242	0
32.006	1	8	6	4.46179	0
32.007	1	3	7	12.1007	0
32.008	1	4	8	2.11418	0
32.009	1	1	9	29.7023	0
32.321	1	2	1	2.39149	0
32.322	1	7	2	1.62484	0
32.323	1	5	3	15.9179	0
32.324	1	9	4	18.1275	0
32.325	1	6	5	1.9242	0
32.326	1	8	6	4.46179	0
32.327	1	3	7	12.1007	0
32.328	1	4	8	2.11418	0
32.329	1	1	9	29.7023	0
32.641	1	2	1	2.39149	0
32.642	1	7	2	1.62484	0
32.643	1	5	3	15.9179	0
32.644	1	9	4	18.1275	0
32.645	1	6	5	1.9242	0
32.646	1	8	6	4.46179	0
32.647	1	3	7	12.1007	0
32.648	1	4	8	2.11418	0
32.649	1	1	9	29.7023	0
32.961	1	2	1	2.39149	0
32.962	1	7	2	1.62484	0
32.963	1	5	3	15.9179	0
32.964	1	9	4	18.1275	0
32.965	1	6	5	1.9242	0
32.966	1	8	6	4.46179	0
32.967	1	3	7	12.1007	0
32.968	1	4	8	2.11418	0
32.969	1	1	9	29.7023	0
33.281	1	2	1	2.39149	0
33.282	1	7	2	1.62484	0
33.283	1	5	3	15.9179	0
33.284	1	9	4	18.1275	0
33.285	1	6	5	1.9242	0
33.286	1	8	6	4.46179	0
33.287	1	3	7	12.1007	0
33.288	1	4	8	2.11418	0
33.289	1	1	9	29.7023	0
33.601	1	2	1	2.39149	0
33.602	1	7	2	1.62484	0
33.603	1	5	3	15.9179	0
33.604	1	9	4	18.1275	0
33.605	1	6	5	1.9242	0
33.606	1	8	6	4.46179	0
33.607	1	3	7	12.1007	0
33.608	1	4	8	2.11418	0
33.609	1	1	9	29.7023	0
33.921	1	2	1	2.39149	0
33.922	1	7	2	1.62484	0
33.923	1	5	3	15.9179	0
33.924	1	9	4	18.1275	0
33.925	1	6	5	1.9242	0
33.926	1	8	6	4.46179	0
33.927	1	3	7	12.1007	0
33.928	1	4	8	2.11418	0
33.929	1	1	9	29.7023	0
34.241	1	2	1	2.39149	0
34.242	1	7	2	1.62484	0
34.243	1	5	3	15.9179	0
34.244	1	9	4	18.1275	0
34.245	1	6	5	1.9242	0
34.246	1	8	6	4.46179	0
34.247	1	3	7	12.1007	0
34.248	1	4	8	2.11418	0
34.249	1	1	9	29.7023	0
34.561	1	2	1	2.39149	0
34.562	1	7	2	1.62484	0
34.563	1	5	3	15.9179	0
34.564	1	9	4	18.1275	0
34.565	1	6	5	1.9242	0
34.566	1	8	6	4.46179	0
34.567	1	3	7	12.1007	0
34.568	1	4	8	2.11418	0
34.569	1	1	9	29.7023	0
34.881	1	2	1	2.39149	0
34.882	1	7	2	1.62484	0
34.883	1	5	3	15.9179	0
34.884	1	9	4	18.1275	0
34.885	1	6	5	1.9242	0
34.886	1	8	6	4.46179	0
34.887	1	3	7	12.1007	0
34.888	1	4	8	2.11418	0
34.889	1	1	9	29.7023	0
35.201	1	2	1	2.39149	0
35.202	1	7	2	1.62484	0
35.203	1	5	3	15.9179	0
35.204	1	9	4	18.1275	0
35.205	1	6	5	1.9242	0
35.206	1	8	6	4.46179	0
35.207	1	3	7	12.1007	0
35.208	1	4	8	2.11418	0
35.209	1	1	9	29.7023	0
35.521	1	2	1	2.39149	0
35.522	1	7	2	1.62484	0
35.523	1	5	3	15.9179	0
35.524	1	9	4	18.1275	0
35.525	1	6	5	1.9242	0
35.526	1	8	6	4.46179	0
35.527	1	3	7	12.1007	0
35.528	1	4	8	2.11418	0
35.529	1	1	9	29.7023	0
35.841	1	2	1	2.39149	0
35.842	1	7	2	1.62484	0
35.843	1	5	3	15.9179	0
35.844	1	9	4	18.1275	0
35.845	1	6	5	1.9242	0
35.846	1	8	6	4.46179	0
35.847	1	3	7	12.1007	0
35.848	1	4	8	2.11418	0
35.849	1	1	9	29.7023	0
36.161	1	2	1	2.39149	0
36.162	1	7	2	1.62484	0
36.163	1	5	3	15.9179	0
36.164	1	9	4	18.1275	0
36.165	1	6	5	1.9242	0
36.166	1	8	6	4.46179	0
36.167	1	3	7	12.1007	0
36.168	1	4	8	2.11418	0
36.169	1	1	9	29.7023	0
36.481	1	2	1	2.39149	0
36.482	1	7	2	1.62484	0
36.483	1	5	3	15.9179	0
36.484	1	9	4	18.1275	0
36.485	1	6	5	1.9242	0
36.486	1	8	6	4.46179	0
36.487	1	3	7	12.1007	0
36.488	1	4	8	2.11418	0
36.489	1	1	9	29.7023	0
36.801	1	2	1	2.39149	0
36.802	1	7	2	1.62484	0
36.803	1	5	3	15.9179	0
36.804	1	9	4	18.1275	0
36.805	1	6	5	1.9242	0
36.806	1	8	6	4.46179	0
36.807	1	3	7	12.1007	0
36.808	1	4	8	2.11418	0
36.809	1	1	9	29.7023	0
37.121	1	2	1	2.39149	0
37.122	1	7	2	1.62484	0
37.123	1	5	3	15.9179	0
37.124	1	9	4	18.1275	0
37.125	1	6	5	1.9242	0
37.126	1	8	6	4.46179	0
37.127	1	3	7	12.1007	0
37.128	1	4	8	2.11418	0
37.129	1	1	9	29.7023	0
37.441	1	2	1	2.39149	0
37.442	1	7	2	1.62484	0
37.443	1	5	3	15.9179	0
37.444	1	9	4	18.1275	0
37.445	1	6	5	1.9242	0
37.446	1	8	6	4.46179	0
37.447	1	3	7	12.1007	0
37.448	1	4	8	2.11418	0
37.449	1	1	9	29.7023	0
37.761	1	2	1	2.39149	0
37.762	1	7	2	1.62484	0
37.763	1	5	3	15.9179	0
37.764	1	9	4	18.1275	0
37.765	1	6	5	1.9242	0
37.766	1	8	6	4.46179	0
37.767	1	3	7	12.1007	0
37.768	1	4	8	2.11418	0
37.769	1	1	9	29.7023	0
38.081	1	2	1	2.39149	0
38.082	1	7	2	1.62484	0
38.083	1	5	3	15.9179	0
38.084	1	9	4	18.1275	0
38.085	1	6	5	1.9242	0
38.086	1	8	6	4.46179	0
38.087	1	3	7	12.1007	0
38.088	1	4	8	2.11418	0
38.089	1	1	9	29.7023	0
38.401	1	2	1	2.39149	0
38.402	1	7	2	1.62484	0
38.403	1	5	3	15.9179	0
38.404	1	9	4	18.1275	0
38.405	1	6	5	1.9242	0
38.406	1	8	6	4.46179	0
38.407	1	3	7	12.1007	0
38.408	1	4	8	2.11418	0
38.409	1	1	9	29.7023	0
38.721	1	2	1	2.39149	0
38.722	1	7	2	1.62484	0
38.723	1	5	3	15.9179	0
38.724	1	9	4	18.1275	0
38.725	1	6	5	1.9242	0
38.726	1	8	6	4.46179	0
38.727	1	3	7	12.1007	0
38.728	1	4	8	2.11418	0
38.729	1	1	9	29.7023	0
39.041	1	2	1	2.39149	0
39.042	1	7	2	1.62484	0
39.043	1	5	3	15.9179	0
39.044	1	9	4	18.1275	0
39.045	1	6	5	1.9242	0
39.046	1	8	6	4.46179	0
39.047	1	3	7	12.1007	0
39.048	1	4	8	2.11418	0
39.049	1	1	9	29.7023	0
39.361	1	2	1	2.39149	0
39.362	1	7	2	1.62484	0
39.363	1	5	3	15.9179	0
39.364	1	9	4	18.1275	0
39.365	1	6	5	1.9242	0
39.366	1	8	6	4.46179	0
39.367	1	3	7	12.1007	0
39.368	1	4	8	2.11418	0
39.369	1	1	9	29.7023	0
39.681	1	2	1	2.39149	0
39.682	1	7	2	1.62484	0
39.683	1	5	3	15.9179	0
39.684	1	9	4	18.1275	0
39.685	1	6	5	1.9242	0
39.686	1	8	6	4.46179	0
39.687	1	3	7	12.1007	0
39.688	1	4	8	2.11418	0
39.689	1	1	9	29.7023	0
40.001	1	2	1	2.39149	0
40.002	1	7	2	1.62484	0
40.003	1	5	3	15.9179	0
40.004	1	9	4	18.1275	0
40.005	1	6	5	1.9242	0
40.006	1	8	6	4.46179	0
40.007	1	3	7	12.1007	0
40.008	1	4	8	2.11418	0
40.009	1	1	9	29.7023	0
40.321	1	2	1	2.39149	0
40.322	1	7	2	1.62484	0
40.323	1	5	3	15.9179	0
40.324	1	9	4	18.1275	0
40.325	1	6	5	1.9242	0
40.326	1	8	6	4.46179	0
40.327	1	3	7	12.1007	0
40.328	1	4	8	2.11418	0
40.329	1	1	9	29.7023	0
40.641	1	2	1	2.39149	0
40.642	1	7	2	1.62484	0
40.643	1	5	3	15.9179	0
40.644	1	9	4	18.1275	0
40.645	1	6	5	1.9242	0
40.646	1	8	6	4.46179	0
40.647	1	3	7	12.1007	0
40.648	1	4	8	2.11418	0
40.649	1	1	9	29.7023	0
40.961	1	2	1	2.39149	0
40.962	1	7	2	1.62484	0
40.963	1	5	3	15.9179	0
40.964	1	9	4	18.1275	0
40.965	1	6	5	1.9242	0
40.966	1	8	6	4.46179	0
40.967	1	3	7	12.1007	0
40.968	1	4	8	2.11418	0
40.969	1	1	9	29.7023	0
41.281	1	2	1	2.39149	0
41.282	1	7	2	1.62484	0
41.283	1	5	3	15.9179	0
41.284	1	9	4	18.1275	0
41.285	1	6	5	1.9242	0
41.286	1	8	6	4.46179	0
41.287	1	3	7	12.1007	0
41.288	1	4	8	2.11418	0
41.289	1	1	9	29.7023	0
41.601	1	2	1	2.39149	0
41.602	1	7	2	1.62484	0
41.603	1	5	3	15.9179	0
41.604	1	9	4	18.1275	0
41.605	1	6	5	1.9242	0
41.606	1	8	6	4.46179	0
41.607	1	3	7	12.1007	0
41.608	1	4	8	2.11418	0
41.609	1	1	9	29.7023	0
41.921	1	2	1	2.39149	0
41.922	1	7	2	1.62484	0
41.923	1	5	3	15.9179	0
41.924	1	9	4	18.1275	0
41.925	1	6	5	1.9242	0
41.926	1	8	6	4.46179	0
41.927	1	3	7	12.1007	0
41.928	1	4	8	2.11418	0
41.929	1	1	9	29.7023	0
42.241	1	2	1	2.39149	0
42.242	1	7	2	1.62484	0
42.243	1	5	3	15.9179	0
42.244	1	9	4	18.1275	0
42.245	1	6	5	1.9242	0
42.246	1	8	6	4.46179	0
42.247	1	3	7	12.1007	0
42.248	1	4	8	2.11418	0
42.249	1	1	9	29.7023	0
42.561	1	2	1	2.39149	0
42.562	1	7	2	1.62484	0
42.563	1	5	3	15.9179	0
42.564	1	9	4	18.1275	0
42.565	1	6	5	1.9242	0
42.566	1	8	6	4.46179	0
42.567	1	3	7	12.1007	0
42.568	1	4	8	2.11418	0
42.569	1	1	9	29.7023	0
42.881	1	2	1	2.39149	0
42.882	1	7	2	1.62484	0
42.883	1	5	3	15.9179	0
42.884	1	9	4	18.1275	0
42.885	1	6	5	1.9242	0
42.886	1	8	6	4.46179	0
42.887	1	3	7	12.1007	0
42.888	1	4	8	2.11418	0
42.889	1	1	9	29.7023	0
43.201	1	2	1	2.39149	0
43.202	1	7	2	1.62484	0
43.203	1	5	3	15.9179	0
43.204	1	9	4	18.1275	0
43.205	1	6	5	1.9242	0
43.206	1	8	6	4.46179	0
43.207	1	3	7	12.1007	0
43.208	1	4	8	2.11418	0
43.209	1	1	9	29.7023	0
43.521	1	2	1	2.39149	0
43.522	1	7	2	1.62484	0
43.523	1	5	3	15.9179	0
43.524	1	9	4	18.1275	0
43.525	1	6	5	1.9242	0
43.526	1	8	6	4.46179	0
43.527	1	3	7	12.1007	0
43.528	1	4	8	2.11418	0
43.529	1	1	9	29.7023	0
43.841	1	2	1	2.39149	0
43.842	1	7	2	1.62484	0
43.843	1	5	3	15.9179	0
43.844	1	9	4	18.1275	0
43.845	1	6	5	1.9242	0
43.846	1	8	6	4.46179	0
43.847	1	3	7	12.1007	0
43.848	1	4	8	2.11418	0
43.849	1	1	9	29.7023	0
44.161	1	2	1	2.39149	0
44.162	1	7	2	1.62484	0
44.163	1	5	3	15.9179	0
44.164	1	9	4	18.1275	0
44.165	1	6	5	1.9242	0
44.166	1	8	6	4.46179	0
44.167	1	3	7	12.1007	0
44.168	1	4	8	2.11418	0
44.169	1	1	9	29.7023	0
44.481	1	2	1	2.39149	0
44.482	1	7	2	1.62484	0
44.483	1	5	3	15.9179	0
44.484	1	9	4	18.1275	0
44.485	1	6	5	1.9242	0
44.486	1	8	6	4.46179	0
44.487	1	3	7	12.1007	0
44.488	1	4	8	2.11418	0
44.489	1	1	9	29.7023	0
44.801	1	2	1	2.39149	0
44.802	1	7	2	1.62484	0
44.803	1	5	3	15.9179	0
44.804	1	9	4	18.1275	0
44.805	1	6	5	1.9242	0
44.806	1	8	6	4.46179	0
44.807	1	3	7	12.1007	0
44.808	1	4	8	2.11418	0
44.809	1	1	9	29.7023	0
45.121	1	2	1	2.39149	0
45.122	1	7	2	1.62484	0
45.123	1	5	3	15.9179	0
45.124	1	9	4	18.1275	0
45.125	1	6	5	1.9242	0
45.126	1	8	6	4.46179	0
45.127	1	3	7	12.1007	0
45.128	1	4	8	2.11418	0
45.129	1	1	9	29.7023	0
45.441	1	2	1	2.39149	0
45.442	1	7	2	1.62484	0
45.443	1	5	3	15.9179	0
45.444	1	9	4	18.1275	0
45.445	1	6	5	1.9242	0
45.446	1	8	6	4.46179	0
45.447	1	3	7	12.1007	0
45.448	1	4	8	2.11418	0
45.449	1	1	9	29.7023	0
45.761	1	2	1	2.39149	0
45.762	1	7	2	1.62484	0
45.763	1	5	3	15.9179	0
45.764	1	9	4	18.1275	0
45.765	1	6	5	1.9242	0
45.766	1	8	6	4.46179	0
45.767	1	3	7	12.1007	0
45.768	1	4	8	2.11418	0
45.769	1	1	9	29.7023	0
46.081	1	2	1	2.39149	0
46.082	1	7	2	1.62484	0
46.083	1	5	3	15.9179	0
46.084	1	9	4	18.1275	0
46.085	1	6	5	1.9242	0
46.086	1	8	6	4.46179	0
46.087	1	3	7	12.1007	0
46.088	1	4	8	2.11418	0
46.089	1	1	9	29.7023	0
46.401	1	2	1	2.39149	0
46.402	1	7	2	1.62484	0
46.403	1	5	3	15.9179	0
46.404	1	9	4	18.1275	0
46.405	1	6	5	1.9242	0
46.406	1	8	6	4.46179	0
46.407	1	3	7	12.1007	0
46.408	1	4	8	2.11418	0
46.409	1	1	9	29.7023	0
46.721	1	2	1	2.39149	0
46.722	1	7	2	1.62484	0
46.723	1	5	3	15.9179	0
46.724	1	9	4	18.1275	0
46.725	1	6	5	1.9242	0
46.726	1	8	6	4.46179	0
46.727	1	3	7	12.1007	0
46.728	1	4	8	2.11418	0
46.729	1	1	9	29.7023	0
47.041	1	2	1	2.39149	0
47.042	1	7	2	1.62484	0
47.043	1	5	3	15.9179	0
47.044	1	9	4	18.1275	0
47.045	1	6	5	1.9242	0
47.046	1	8	6	4.46179	0
47.047	1	3	7	12.1007	0
47.048	1	4	8	2.11418	0
47.049	1	1	9	29.7023	0
47.361	1	2	1	2.39149	0
47.362	1	7	2	1.62484	0
47.363	1	5	3	15.9179	0
47.364	1	9	4	18.1275	0
47.365	1	6	5	1.9242	0
47.366	1	8	6	4.46179	0
47.367	1	3	7	12.1007	0
47.368	1	4	8	2.11418	0
47.369	1	1	9	29.7023	0
47.681	1	2	1	2.39149	0
47.682	1	7	2	1.62484	0
47.683	1	5	3	15.9179	0
47.684	1	9	4	18.1275	0
47.685	1	6	5	1.9242	0
47.686	1	8	6	4.46179	0
47.687	1	3	7	12.1007	0
47.688	1	4	8	2.11418	0
47.689	1	1	9	29.7023	0
48.001	1	2	1	2.39149	0
48.002	1	7	2	1.62484	0
48.003	1	5	3	15.9179	0
48.004	1	9	4	18.1275	0
48.005	1	6	5	1.9242	0
48.006	1	8	6	4.46179	0
48.007	1	3	7	12.1007	0
48.008	1	4	8	2.11418	0
48.009	1	1	9	29.7023	0
48.321	1	2	1	2.39149	0
48.322	1	7	2	1.62484	0
48.323	1	5	3	15.9179	0
48.324	1	9	4	18.1275	0
48.325	1	6	5	1.9242	0
48.326	1	8	6	4.46179	0
48.327	1	3	7	12.1007	0
48.328	1	4	8	2.11418	0
48.329	1	1	9	29.7023	0
48.641	1	2	1	2.39149	0
48.642	1	7	2	1.62484	0
48.643	1	5	3	15.9179	0
48.644	1	9	4	18.1275	0
48.645	1	6	5	1.9242	0
48.646	1	8	6	4.46179	0
48.647	1	3	7	12.1007	0
48.648	1	4	8	2.11418	0
48.649	1	1	9	29.7023	0
48.961	1	2	1	2.39149	0
48.962	1	7	2	1.62484	0
48.963	1	5	3	15.9179	0
48.964	1	9	4	18.1275	0
48.965	1	6	5	1.9242	0
48.966	1	8	6	4.46179	0
48.967	1	3	7	12.1007	0
48.968	1	4	8	2.11418	0
48.969	1	1	9	29.7023	0
49.281	1	2	1	2.39149	0
49.282	1	7	2	1.62484	0
49.283	1	5	3	15.9179	0
49.284	1	9	4	18.1275	0
49.285	1	6	5	1.9242	0
49.286	1	8	6	4.46179	0
49.287	1	3	7	12.1007	0
49.288	1	4	8	2.11418	0
49.289	1	1	9	29.7023	0
49.601	1	2	1	2.39149	0
49.602	1	7	2	1.62484	0
49.603	1	5	3	15.9179	0
49.604	1	9	4	18.1275	0
49.605	1	6	5	1.9242	0
49.606	1	8	6	4.46179	0
49.607	1	3	7	12.1007	0
49.608	1	4	8	2.11418	0
49.609	1	1	9	29.7023	0
49.921	1	2	1	2.39149	0
49.922	1	7	2	1.62484	0
49.923	1	5	3	15.9179	0
49.924	1	9	4	18.1275	0
49.925	1	6	5	1.9242	0
49.926	1	8	6	4.46179	0
49.927	1	3	7	12.1007	0
49.928	1	4	8	2.11418	0
49.929	1	1	9	29.7023	0
50.241	1	2	1	2.39149	0
50.242	1	7	2	1.62484	0
50.243	1	5	3	15.9179	0
50.244	1	9	4	18.1275	0
50.245	1	6	5	1.9242	0
50.246	1	8	6	4.46179	0
50.247	1	3	7	12.1007	0
50.248	1	4	8	2.11418	0
50.249	1	1	9	29.7023	0
50.561	1	2	1	2.39149	0
50.562	1	7	2	1.62484	0
50.563	1	5	3	15.9179	0
50.564	1	9	4	18.1275	0
50.565	1	6	5	1.9242	0
50.566	1	8	6	4.46179	0
50.567	1	3	7	12.1007	0
50.568	1	4	8	2.11418	0
50.569	1	1	9	29.7023	0
50.881	1	2	1	2.39149	0
50.882	1	7	2	1.62484	0
50.883	1	5	3	15.9179	0
50.884	1	9	4	18.1275	0
50.885	1	6	5	1.9242	0
50.886	1	8	6	4.46179	0
50.887	1	3	7	12.1007	0
50.888	1	4	8	2.11418	0
50.889	1	1	9	29.7023	0
51.201	1	2	1	2.39149	0
51.202	1	7	2	1.62484	0
51.203	1	5	3	15.9179	0
51.204	1	9	4	18.1275	0
51.205	1	6	5	1.9242	0
51.206	1	8	6	4.46179	0
51.207	1	3	7	12.1007	0
51.208	1	4	8	2.11418	0
51.209	1	1	9	29.7023	0
51.521	1	2	1	2.39149	0
51.522	1	7	2	1.62484	0
51.523	1	5	3	15.9179	0
51.524	1	9	4	18.1275	0
51.525	1	6	5	1.9242	0
51.526	1	8	6	4.46179	0
51.527	1	3	7	12.1007	0
51.528	1	4	8	2.11418	0
51.529	1	1	9	29.7023	0
51.841	1	2	1	2.39149	0
51.842	1	7	2	1.62484	0
51.843	1	5	3	15.9179	0
51.844	1	9	4	18.1275	0
51.845	1	6	5	1.9242	0
51.846	1	8	6	4.46179	0
51.847	1	3	7	12.1007	0
51.848	1	4	8	2.11418	0
51.849	1	1	9	29.7023	0
52.161	1	2	1	2.39149	0
52.162	1	7	2	1.62484	0
52.163	1	5	3	15.9179	0
52.164	1	9	4	18.1275	0
52.165	1	6	5	1.9242	0
52.166	1	8	6	4.46179	0
52.167	1	3	7	12.1007	0
52.168	1	4	8	2.11418	0
52.169	1	1	9	29.7023	0
52.481	1	2	1	2.39149	0
52.482	1	7	2	1.62484	0
52.483	1	5	3	15.9179	0
52.484	1	9	4	18.1275	0
52.485	1	6	5	1.9242	0
52.486	1	8	6	4.46179	0
52.487	1	3	7	12.1007	0
52.488	1	4	8	2.11418	0
52.489	1	1	9	29.7023	0
52.801	1	2	1	2.39149	0
52.802	1	7	2	1.62484	0
52.803	1	5	3	15.9179	0
52.804	1	9	4	18.1275	0
52.805	1	6	5	1.9242	0
52.806	1	8	6	4.46179	0
52.807	1	3	7	12.1007	0
52.808	1	4	8	2.11418	0
52.809	1	1	9	29.7023	0
53.121	1	2	1	2.39149	0
53.122	1	7	2	1.62484	0
53.123	1	5	3	15.9179	0
53.124	1	9	4	18.1275	0
53.125	1	6	5	1.9242	0
53.126	1	8	6	4.46179	0
53.127	1	3	7	12.1007	0
53.128	1	4	8	2.11418	0
53.129	1	1	9	29.7023	0
53.441	1	2	1	2.39149	0
53.442	1	7	2	1.62484	0
53.443	1	5	3	15.9179	0
53.444	1	9	4	18.1275	0
53.445	1	6	5	1.9242	0
53.446	1	8	6	4.46179	0
53.447	1	3	7	12.1007	0
53.448	1	4	8	2.11418	0
53.449	1	1	9	29.7023	0
53.761	1	2	1	2.39149	0
53.762	1	7	2	1.62484	0
53.763	1	5	3	15.9179	0
53.764	1	9	4	18.1275	0
53.765	1	6	5	1.9242	0
53.766	1	8	6	4.46179	0
53.767	1	3	7	12.1007	0
53.768	1	4	8	2.11418	0
53.769	1	1	9	29.7023	0
54.081	1	2	1	2.39149	0
54.082	1	7	2	1.62484	0
54.083	1	5	3	15.9179	0
54.084	1	9	4	18.1275	0
54.085	1	6	5	1.9242	0
54.086	1	8	6	4.46179	0
54.087	1	3	7	12.1007	0
54.088	1	4	8	2.11418	0
54.089	1	1	9	29.7023	0
