% time	cellId	IMSI	frame	sframe	RNTI	mcs	size	ccId
0.112	1	4	12	3	8	0	173	0
0.129	1	4	13	10	8	4	453	0
0.13	1	4	14	1	8	4	453	0
0.146	1	4	15	7	8	4	453	0
0.231	1	5	24	2	3	0	173	0
0.248	1	5	25	9	3	14	1620	0
0.249	1	5	25	10	3	14	1620	0
0.312	1	9	32	3	4	0	173	0
0.329	1	9	33	10	4	14	1620	0
0.33	1	9	34	1	4	14	1620	0
0.346	1	9	35	7	4	14	1620	0
0.363	1	4	37	4	8	4	453	0
0.403	1	7	41	4	2	2	277	0
0.462	1	2	47	3	1	4	453	0
0.479	1	2	48	10	1	4	453	0
0.48	1	2	49	1	1	4	453	0
0.496	1	2	50	7	1	4	453	0
0.69	1	8	70	1	6	6	645	0
0.7	1	3	71	1	7	12	1239	0
0.713	1	2	72	4	1	4	453	0
0.93	1	2	94	1	1	4	453	0
1.122	1	1	113	3	9	16	1908	0
1.248	1	5	125	9	3	14	1620	0
1.253	1	6	126	4	5	4	453	0
1.346	1	9	135	7	4	14	1620	0
1.363	1	4	137	4	8	4	453	0
1.365	1	5	137	6	3	14	1620	0
1.48	1	4	149	1	8	4	453	0
1.565	1	5	157	6	3	14	1620	0
1.93	1	2	194	1	1	4	453	0
2.047	1	2	205	8	1	4	453	0
2.48	1	4	249	1	8	4	453	0
2.565	1	5	257	6	3	14	1620	0
2.582	1	5	259	3	3	14	1620	0
2.597	1	4	260	8	8	4	453	0
2.782	1	5	279	3	3	14	1620	0
3.047	1	2	305	8	1	4	453	0
3.346	1	9	335	7	4	14	1620	0
3.403	1	7	341	4	2	2	277	0
3.597	1	4	360	8	8	4	453	0
3.69	1	8	370	1	6	6	645	0
3.7	1	3	371	1	7	12	1239	0
3.714	1	4	372	5	8	4	453	0
3.782	1	5	379	3	3	14	1620	0
3.807	1	8	381	8	6	6	645	0
3.808	1	8	381	9	6	6	645	0
4.122	1	1	413	3	9	16	1908	0
4.253	1	6	426	4	5	4	453	0
4.714	1	4	472	5	8	4	453	0
4.807	1	8	481	8	6	6	645	0
4.831	1	4	484	2	8	4	453	0
4.924	1	8	493	5	6	6	645	0
5.047	1	2	505	8	1	4	453	0
5.124	1	8	513	5	6	6	645	0
5.782	1	5	579	3	3	14	1620	0
5.831	1	4	584	2	8	4	453	0
5.948	1	4	595	9	8	4	453	0
6.124	1	8	613	5	6	6	645	0
6.948	1	4	695	9	8	4	453	0
7.065	1	4	707	6	8	4	453	0
7.282	1	4	729	3	8	4	453	0
7.346	1	9	735	7	4	14	1620	0
8.124	1	8	813	5	6	6	645	0
8.282	1	4	829	3	8	4	453	0
8.399	1	4	840	10	8	4	453	0
9.047	1	2	905	8	1	4	453	0
9.399	1	4	940	10	8	4	453	0
9.403	1	7	941	4	2	2	277	0
9.516	1	4	952	7	8	4	453	0
9.7	1	3	971	1	7	12	1239	0
9.733	1	4	974	4	8	4	453	0
9.782	1	5	979	3	3	14	1620	0
9.899	1	5	990	10	3	14	1620	0
9.95	1	4	996	1	8	4	453	0
10.116	1	5	1012	7	3	14	1620	0
10.122	1	1	1013	3	9	16	1908	0
10.167	1	4	1017	8	8	4	453	0
10.253	1	6	1026	4	5	4	453	0
10.384	1	4	1039	5	8	4	453	0
11.116	1	5	1112	7	3	14	1620	0
11.384	1	4	1139	5	8	4	453	0
11.501	1	4	1151	2	8	4	453	0
11.718	1	4	1172	9	8	4	453	0
11.935	1	4	1194	6	8	4	453	0
12.124	1	8	1213	5	6	6	645	0
12.152	1	4	1216	3	8	4	453	0
12.369	1	4	1237	10	8	4	453	0
12.586	1	4	1259	7	8	4	453	0
13.116	1	5	1312	7	3	14	1620	0
13.586	1	4	1359	7	8	4	453	0
15.346	1	9	1535	7	4	14	1620	0
15.586	1	4	1559	7	8	4	453	0
17.047	1	2	1705	8	1	4	453	0
17.116	1	5	1712	7	3	14	1620	0
19.586	1	4	1959	7	8	4	453	0
19.703	1	4	1971	4	8	4	453	0
19.92	1	4	1993	1	8	4	453	0
20.124	1	8	2013	5	6	6	645	0
20.137	1	4	2014	8	8	4	453	0
20.354	1	4	2036	5	8	4	453	0
20.571	1	4	2058	2	8	4	453	0
21.403	1	7	2141	4	2	2	277	0
21.52	1	7	2153	1	2	2	277	0
21.521	1	7	2153	2	2	2	277	0
21.571	1	4	2158	2	8	4	453	0
21.688	1	4	2169	9	8	4	453	0
21.7	1	3	2171	1	7	12	1239	0
21.905	1	4	2191	6	8	4	453	0
22.122	1	1	2213	3	9	16	967	0
22.122	1	4	2213	3	8	4	225	0
22.253	1	6	2226	4	5	4	453	0
22.339	1	4	2234	10	8	4	453	0
22.52	1	7	2253	1	2	2	277	0
23.339	1	4	2334	10	8	4	453	0
24.52	1	7	2453	1	2	2	277	0
25.116	1	5	2512	7	3	14	1620	0
25.339	1	4	2534	10	8	4	453	0
25.456	1	4	2546	7	8	4	453	0
26.456	1	4	2646	7	8	4	453	0
28.456	1	4	2846	7	8	4	453	0
28.52	1	7	2853	1	2	2	277	0
28.573	1	4	2858	4	8	4	453	0
29.573	1	4	2958	4	8	4	453	0
29.69	1	4	2970	1	8	4	453	0
29.907	1	4	2991	8	8	4	453	0
30.124	1	4	3013	5	8	4	453	0
30.341	1	4	3035	2	8	4	453	0
30.558	1	4	3056	9	8	4	453	0
30.775	1	4	3078	6	8	4	453	0
30.992	1	4	3100	3	8	4	453	0
31.346	1	9	3135	7	4	14	1620	0
31.463	1	9	3147	4	4	14	1620	0
31.992	1	4	3200	3	8	4	453	0
32.109	1	4	3211	10	8	4	453	0
32.326	1	4	3233	7	8	4	453	0
32.463	1	9	3247	4	4	14	1620	0
33.047	1	2	3305	8	1	4	453	0
33.326	1	4	3333	7	8	4	453	0
34.463	1	9	3447	4	4	14	1620	0
35.326	1	4	3533	7	8	4	453	0
35.443	1	4	3545	4	8	4	453	0
36.124	1	8	3613	5	6	6	645	0
36.443	1	4	3645	4	8	4	453	0
36.52	1	7	3653	1	2	2	277	0
36.56	1	4	3657	1	8	4	453	0
37.56	1	4	3757	1	8	4	453	0
37.677	1	4	3768	8	8	4	453	0
38.463	1	9	3847	4	4	14	1620	0
38.677	1	4	3868	8	8	4	453	0
38.794	1	4	3880	5	8	4	453	0
39.794	1	4	3980	5	8	4	453	0
39.911	1	4	3992	2	8	4	453	0
40.911	1	4	4092	2	8	4	453	0
41.116	1	5	4112	7	3	14	1620	0
42.911	1	4	4292	2	8	4	453	0
45.7	1	3	4571	1	7	12	1239	0
46.122	1	1	4613	3	9	16	1908	0
46.253	1	6	4626	4	5	4	453	0
46.463	1	9	4647	4	4	14	1620	0
46.58	1	9	4659	1	4	14	1620	0
46.797	1	9	4680	8	4	14	1620	0
46.911	1	4	4692	2	8	4	453	0
47.028	1	4	4703	9	8	4	453	0
47.245	1	4	4725	6	8	4	453	0
47.462	1	4	4747	3	8	4	453	0
47.679	1	4	4768	10	8	4	453	0
47.797	1	9	4780	8	4	14	1620	0
47.896	1	4	4790	7	8	4	453	0
47.914	1	9	4792	5	4	14	1620	0
48.896	1	4	4890	7	8	4	453	0
48.914	1	9	4892	5	4	14	1620	0
49.013	1	4	4902	4	8	4	453	0
49.031	1	9	4904	2	4	14	1620	0
49.23	1	4	4924	1	8	4	453	0
49.447	1	4	4945	8	8	4	453	0
50.031	1	9	5004	2	4	14	1620	0
50.447	1	4	5045	8	8	4	453	0
50.564	1	4	5057	5	8	4	453	0
50.781	1	4	5079	2	8	4	453	0
50.998	1	4	5100	9	8	4	453	0
51.215	1	4	5122	6	8	4	453	0
52.031	1	9	5204	2	4	14	1620	0
52.215	1	4	5222	6	8	4	453	0
52.332	1	4	5234	3	8	4	453	0
52.52	1	7	5253	1	2	2	277	0
52.521	1	7	5253	2	2	2	277	0
53.332	1	4	5334	3	8	4	453	0
53.449	1	4	5345	10	8	4	453	0
53.666	1	4	5367	7	8	4	453	0
